kinematics_node:
  ros__parameters:
    # a alpha d theta
    joint_1: [ 0.00, 1.57, 0.00,  -1.57]
    joint_2: [ 0.16747, 0.00, 0.00,  0.0]
    joint_3: [ 0.07017, -1.57, 0.00,  1.57]
    joint_4: [ 0.00, 1.57, 0.1175,  0.0]
    joint_5: [ 0.00, -1.57, 0.00,  0.0]
    joint_6: [ 0.00, 0.0 , 0.0831,  0.0]
